-1100549
185763
-546188
436464
528025
-1824779
-2044695
1417370
-1010713
-1115810
2081709
-124893
1413138
-99317
584086
-1467411
566415
1545791
97361
1013258
719928
-1831068
1084567
382618
-834676
-1969751
1535215
-114454
919061
1591014
899344
1768615
-441154
1263817
-232592
1829465
1591240
-1690692
-1528931
-1188655
1955017
-268120
531923
-835690
30421
-479362
-626176
357311
353858
1697648
764325
1801572
1496883
2062157
719349
-1414982
1514678
1951459
1699724
290252
898032
-1213275
1392754
308836
-903179
-1833466
1486559
2057186
-1728224
1262501
-376060
-1466786
-865657
1128926
1565622
-1914402
481037
-1911251
917450
-709993
1599803
2018671
22766
2093738
-799386
-1776723
419004
-1968214
-1270984
-386668
463962
-1443965
-1921770
1544672
-781912
1926370
1665971
-513285
-166280
84307
604333
401731
248897
504530
1850610
29513
-288996
925307
-1101931
-835435
2006749
88735
203408
-2051879
-356117
335854
-2015778
486351
555158
-1847662
534833
-141748
752982
-619177
869191
999744
-2006834
-1845578
739285
1945884
-1045287
-183489
389222
-755894
-571389
-786783
-549553
401610
-838304
-515927
1143549
-1986931
290884
987728
-797930
-1165341
1275993
-1097481
-1312944
-272016
831879
-1672265
-747743
-698235
1400864
-258591
1493248
-1389007
-685817
630976
1616573
-205371
-1154883
-1592139
124436
-1298624
1288465
1421601
-1328938
-929913
1290351
596137
1286283
-649812
-1555306
-873840
1234220
-961067
-645312
-348996
-336961
-380007
1766572
-1444809
-2080421
1861725
1595909
2045038
-275720
1890677
1794985
-1167219
1031197
1414135
684546
79863
-886024
-667512
-1144642
-1814116
372447
-894553
1302806
-1910678
1695159
813564
1780191
1665582
1678635
323204
-2044794
1030253
-1378350
-840470
684164
104849
-362248
1843979
471089
-666319
-1039606
1518992
-95771
1185766
-622265
-1271199
145476
1330606
-1380531
1225022
1771420
1285415
1358695
-2068481
540150
1522730
-1890287
-960133
-971939
114518
-323467
-113820
1161290
-2092404
-1869699
-1567175
-1576570
-1812650
1993709
1488686
-1738263
8904
-773236
-778765
-624584
617037
363775
-584495
-1297456
-719140
-1580229
233209
907380
-503000
-1764415
-1350065
-532247
438627
1187012
-502888
1264876
516291
-287307
-535836
-16163
852099
-333842
815318
-164472
-1070650
150517
819711
-1799360
-315468
-311409
1594611
1833234
-528210
1670988
1221851
-998845
-150599
-1582787
1315531
681616
1626843
1228372
703759
981688
268145
-1666841
368587
-2079415
-1497223
1152077
-1913886
-1714445
-1682942
1597966
-1347555
-2001354
1434450
-1590610
1444562
728846
1411965
1900128
332121
1254739
-1947670
1123158
47568
903664
-1651677
1045653
1825162
-1843215
-738163
268705
1377850
-1083071
-1344956
-1050143
487120
1064882
-446334
-556620
-434114
-628805
-343486
-1750306
1300
1986838
-366108
1039118
-1425394
801520
1075688
730195
71787
-68372
600403
1669086
-1472825
-1697385
1042250
1749781
72466
-239175
919425
-1318334
-977099
-1263445
359593
-777641
-1124319
802756
1904388
-857373
862400
-364557
1485286
355523
-977871
-1186060
-2002876
-86144
-492450
-1376560
-586025
-747423
1151659
-1496838
2063116
-85723
415803
-134178
1405370
1350784
239909
-78543
926978
1497926
-418898
981072
1933088
-136940
-1135674
-1113930
914291
736474
1926602
1486303
-1083215
-1303583
-1013784
-1313820
859884
1506102
1678992
-1028967
1533416
-783650
-322160
961668
-1739114
-1710903
1402503
-874594
-602024
337260
737131
-2071089
-693832
-267870
-59218
-1217596
357443
1912417
-458136
186297
-1599458
-946003
694819
-1627379
1626194
1716801
-1692997
1853408
-528262
1144161
1080758
-858757
738726
647129
1285431
-984515
1067597
1937571
725865
151903
-1624157
-25701
-620938
915992
749884
278844
-1335685
611805
549715
-1347762
1637661
652560
-1582851
1813746
-1506187
-707575
926005
409218
230680
619445
-177644
-787741
-1359199
-1811896
906509
1068818
181168
1006483
-591266
-983447
-489805
1564669
-1923135
19790
-1061776
1129386
-612741
-701977
-405977
174292
1141184
-617885
1456912
-1629051
-963953
-1681476
-1626724
1171729
954615
-1323647
-1305488
-350048
1021934
1326143
1044542
386049
-1484821
-426639
-1286719
115925
287147
-1251278
-1049368
1182985
-1973633
1273257
1643041
1887156
-490786
220947
348838
561296
2003303
783847
-842505
1512046
-66897
425729
952705
-2090034
1135918
680138
-34135
99287
-165760
-1287567
124101
-1944339
1878
613025
-234267
277219
1927892
1646612
-1530532
1227978
517767
-1887451
-588416
-1119662
-1773088
163296
1805255
-742907
1556146
817571
-1535702
1504823
424729
1793299
906999
1006823
-656910
1288058
1813308
1518132
-264496
1078768
-62993
-1641687
-1920654
-1772643
-1258729
-1424547
-12012
836968
157230
-327133
626818
-820471
-149498
1079815
-413877
-1341526
1677528
922707
-558882
-541913
123191
405192
-1159843
-2088658
-1222221
1189357
-1497396
-168051
-1279742
-1220993
-1382792
-404262
-1393242
-1984573
-1637709
-1393422
-40844
-1849186
-2005800
-218303
-387480
854462
-1885313
-406127
-434243
-1988015
1955212
-1180576
-1704063
-106739
-1408012
514297
-645292
-1579429
-1882057
956240
-944627
1208925
-145304
1818260
-837698
-1050115
-983581
1321611
542237
-652096
-1706394
766074
1970923
387483
-2084644
-1972733
-1719756
-1384598
-1946255
-1873437
648109
1681264
-1257109
1990159
-97113
1275073
1752978
1848378
-1956311
-820164
449117
1875466
-1731327
-867579
1469604
-1618371
-462574
-696436
756201
1799782
-1366550
1007137
982595
1409761
224014
1778713
-576133
-358164
-1136500
1173754
-81417
-968279
-1387079
926642
443960
884633
-475442
-54122
-1453665
884929
-2003595
-138902
1085496
744790
-1692233
-1103882
1443351
597995
1589842
1563484
-210402
1666957
978003
-698411
-545609
-1797362
-422801
1913903
-1659015
289357
-1637446
-1760266
626384
-1089115
-1894956
-1458773
607139
359341
-2051038
-1134317
1962445
-1175657
262292
-337590
1180823
438283
1212293
147924
-1309729
-1354039
-1767662
1367157
-1627365
-1999223
1958944
-1263122
1651792
-1739757
-146014
-1164439
1383782
484770
595583
1097887
1561141
-646596
433048
-228495
-1634034
1408592
396464
1322167
-1234853
164565
-150469
957637
-1775599
-646173
-64927
-1799587
221350
988335
-324023
623323
444651
-1200499
-627707
2082125
-692146
-290515
-1746414
-1184876
-1405812
1809921
950725
1573830
2043615
471002
1811652
150010
-341292
1881828
1692987
1888338
-66399
1148525
-390679
2088668
1765281
-873417
1823621
-1324742
-1697358
933907
-863951
81718
584855
-1929640
1029777
-940870
-283943
-651888
1016774
1036526
-893327
-1665881
-842800
-373462
-1774258
-1456512
1103468
841781
2000894
2014534
1579804
-535161
-1422348
-789853
-154754
108950
176711
-589200
1481315
-902215
-154736
1624608
1289980
-850926
-1081067
1288015
-2057757
-1547786
129626
150512
-1403937
-1888909
-1243455
1133989
-143860
2013017
1199250
2012790
-1952481
-1322835
-2044611
-284100
-679270
-1884697
193266
-1705966
-791216
-1061623
1268934
-343482
-1006509
-1915169
-295835
535434
735951
1732720
1295974
-1061032
-1530206
1084903
1215930
37087
1390187
217802
-925708
-1391301
-2028404
600992
1667293
1705878
-136555
695044
1800202
1318840
431121
-359404
77320
-1382679
-1331613
771911
2066876
197679
-385788
-622015
-189455
1272374
-199433
1928903
-1447720
-777392
92393
-370119
1474485
1375924
1811569
472347
-1971497
312937
208942
-52134
-924632
879463
1728821
-1669679
708508
-540530
62131
1661944
1933347
602928
-1280635
1766978
-1339257
-490127
1378342
-771976
-962272
1889638
1863976
-766944
-451353
-915820
-1547639
-1049060
2016719
-1767102
-1135042
-1260023
-1765966
110249
1020680
1420792
550691
1334797
-2077464
-914779
1936916
-1808607
-975984
-72060
-974975
193740
-1902025
-1109036
1921780
-1494290
1703067
-1352771
2069830
733310
617110
-1502707
-1870779
1089762
-1360162
-1303687
1355311
1574239
-1895041
1935216
145810
-493982
-1650346
-462567
2047573
-920776
-1548484
-1489938
-1566990
-619842
1742850
-1776753
-1293694
1845095
2086976
2015680
-1067022
-611640
1893518
-62680
854329
-784259
-2010363
-649443
1042339
1184135
289251
-150914
160151
-242394
144631
1398501
-1258081
396106
1817726
1463045
-1346281
1946492
1428179
-1394743
-983256
-1250098
-1877131
2009163
-380975
1565265
-1618812
-2041523
1553071
1234834
2064554
778983
105975
1117355
-1711380
169602
-246998
-1485381
421618
-742710
26829
-531260
-763862
-594553
424355
