35 5355813 5768761 5772078 4521703 4301293 2409500 4713796 1656074 1678162 4322432 2685469 3451033 5528003 5321204 5560721 5750637 5420084 5817429 5379322 5781594 5503654 5796206 1266607 5305615 2660912 2316873 3507839 2481338 4344415 2497829 5359277 5791578 5445731 5350073 5538737
35 1815867 1873293 1804508 123682 30019 52763 44722 58225 136207 171939 995468 883969 1732095 1763020 1901348 1874647 1758234 1781290 1871193 1808429 1754256 1735666 32995 70862 93581 152057 149350 85689 234232 685679 1816300 1906280 1849953 1849565 1778149
38 8680748 8504316 9242868 379800 335774 660627 131825 397488 9365 631386 550080 6998523 5339304 8751717 8978636 8753513 9084283 8757437 8740929 8751075 2407121 490380 272264 624730 691310 217830 214809 586332 7955778 2714356 8925881 9056318 9203721 8821271 9131544 8708395 8655657 8945608
34 8429093 7892614 7993345 369866 100231 440476 329184 116797 799349 284258 838216 279990 1390182 4262957 8261036 7974594 8419427 8654241 8404146 8173153 7840206 256826 492791 759639 657249 363269 13051 193017 7459170 6075342 8650678 8194913 8273735 8513484
38 5158217 4973568 5112082 2646360 2277148 190796 29070 369956 254164 494820 182583 60166 2587834 1763307 4970057 5300506 5098103 5173701 5337036 127173 287319 65062 110253 279784 156270 518034 4272188 4368973 4518525 1460185 5077427 5038082 5235091 5100729 5452441 5238712 5301679 5170899
38 7590581 8113383 8112528 3623911 6432615 59023 141716 408780 257650 807786 338149 58742 380809 1663307 6123789 7814357 8067308 7676086 1062558 355065 481557 162404 684120 1256 806302 617813 3151965 6444912 5300914 3262553 8258883 7659758 7810249 8265524 7826137 7897239 7840496 7700820
34 3262733 3473476 3519756 3506680 3108011 353560 237126 237114 79360 78734 284901 84091 279995 331811 2404081 2698549 3475068 703728 127863 354010 107832 33245 124129 35653 193949 99198 2084600 2593568 3309945 3505816 3369876 3460548 3319788 3533676
34 7576506 7431315 7726260 7249582 5308712 152996 269978 222142 748154 204883 213895 30654 357129 174722 4547558 2473280 2235098 159335 612435 781299 544422 293164 6256580 424942 681511 753877 6285433 4208088 7919692 7710771 7247862 7563203 7799740 7794233
37 1360901 1301804 1360468 1404268 779081 32221 119818 42862 55929 861678 116326 140 35894 19569 88356 98114 11553 114064 38974 24842 16187 526955 594299 55022 105478 67697 1191559 251870 1359989 1403275 1370229 1353998 1311327 1391286 1363231 1272255 1326550
36 7853982 8315089 8107680 8123193 1245414 17052 391461 559405 55998 6823127 179687 689824 663009 826775 463235 804067 580822 749 40624 519644 201400 2631982 4860472 549156 546342 430725 3116828 908486 8218423 7926895 8213075 8349788 8404609 7992351 7708829 7735449
37 9163887 9800718 9749457 9811259 7124027 842016 373712 900168 701079 7367400 3032469 6526315 348610 776271 119291 981458 722747 418378 165639 123582 3226506 7637135 5326605 862075 630391 120318 6844319 7416997 9374195 9465670 9120912 9347441 9575820 9740854 9859134 8932556 9300284
37 675391 687407 675696 659013 501454 61419 35617 16763 21644 561670 126206 700529 27324 57441 44521 68461 37806 1568 44462 78506 87989 665921 263132 42473 66766 61311 229900 629328 701684 711779 715142 729610 693223 705570 718461 665730 671371
37 5739755 5617611 5496620 5737938 2947163 510193 40675 344089 174980 1388109 5475058 5783823 6038463 516219 325128 33613 69981 562281 3096215 4288473 5100723 5963358 5450863 501617 2650 586350 2465176 4444745 5601812 5871891 5754991 5723949 5499923 5998704 5963397 5747095 6065013
33 8469724 8554554 8812392 8474203 4625406 498570 155579 431391 524023 3306637 5746017 8528834 8326624 8759873 391319 197591 310553 210250 910417 3161025 8530746 8346443 1397676 673948 137287 884965 5765915 3723476 8003701 8844675 8727568 8518443 8807233
37 7616423 7826242 7519093 8117181 1542827 660874 391668 665638 777679 7248869 1626639 7665506 7757914 7900584 287246 1256 655094 3873116 4283071 7873480 8219210 7866041 4012118 717566 589747 51925 2828801 4375330 7835783 8074550 8211799 7818534 8055327 8013759 7908836 7511590 8135635
33 427124 405665 443822 417812 393490 5579 30250 24667 38816 223743 190250 404247 440535 438501 445166 184029 79684 128909 355874 436520 425705 431331 94903 29579 37751 29320 327900 69611 407145 445470 441771 428407 404713
35 9464508 9493523 8929961 117087 279534 403669 798633 839209 782923 78405 221576 773458 9640560 9594270 9424361 9704214 1774907 3630644 9107845 9184854 3668476 194987 784124 509691 246150 228680 195741 758260 2011429 2478563 9522316 9093497 9444792 9129435 9656362
33 2595848 2670536 2639253 215150 236599 267806 39102 118634 70951 134781 195080 99626 2184352 2607286 2674972 2767777 2599859 2743221 2652653 2828823 1204880 90266 18155 148192 201623 109835 106355 179637 974704 780200 2660124 2588073 2646814
38 622312 626316 632127 50830 6900 47997 50526 39289 66154 39015 7384 44043 600387 150185 661962 645554 668487 678111 643594 628517 583793 45926 63179 56029 22636 59982 21781 62710 293747 348405 656245 650655 639133 661872 672503 621089 643413 679899
35 8668792 8876455 9066581 759833 844800 241961 872912 594186 7593 7378 224745 722775 2851827 7138642 8320818 8299264 8717438 8655289 8465184 8349593 1377514 892060 618831 70396 912000 568885 479644 773374 1030464 1997164 8893810 8607260 8316485 8265582 8849778
36 9704768 9528160 9201729 4320587 4391268 7894392 8347372 4558991 6991983 2564608 5142612 6531190 5216087 8781460 9204037 9624415 9812590 9232981 9720525 9371426 9048559 2826023 6743830 5038666 4411503 8152074 7505428 8838336 3724076 5016921 9548999 9551223 9823826 9068867 9161912 9549640
33 1803589 1779081 1657990 586885 618277 790412 1218200 696233 1319768 1297573 1355605 725014 1023978 1028148 1741407 1779956 1782392 1640180 1667034 1675416 1739259 1572145 1164577 1519953 549346 441181 1155546 481269 1236329 532026 1740847 1746687 1726292
